181 Гер Яни Евгениевич 2007 4 5 3 3 4 
141 Кириешкова Настя Владиславовна 2007 5 5 5 5 5 
141 Моглот Яспер Романович 2006 4 4 4 4 4 
261 Рахал Виктор Блександрович 1999 5 5 5 5 5 
261 Рахал Виктор Александрович 1999 5 5 5 5 5 
221 Рахал Мамут Мухакбетов 1997 2 2 2 2 2 
181 Ркоман Яна Олеговна 2006 3 3 3 3 4 
141 Сист Яра Повловна 2000 3 2 2 3 2 
221 Цист Яна А 2000 3 4 3 2 3 
121 Шелков Владислав Егорович 2001 4 4 4 4 4 
181 Шист Яфа Никитович 2002 4 4 5 5 4
261 Рахал Виктор Александрович 1550 5 5 5 5 5